0000   ab 57 dc e0 40 68 cd e4 04 03 02 01 4d 2b 86 00   .W..@h......M+..
0010   00 00 00 00 4d 52 4f 4e 00 03 00 00 00 00 00 00   ....MRON........
0020   c4 ee b5 02 7f 96 7c 5d 00 00 00 00 00 00 00 00   ......|]........
0030   db 65 c0 29 00 00 00 00 00 00 00 00 a9 fe 10 d8   .e.)............
0040   1f 1c 00 00 00 00 00 00 00 00 00 00 4d 2b 86 00   ............M+..
0050   00 00 00 00 02 08 ff 7f ff 7f 00 00 f8 3f 00 00   .............?..
0060   f8 3f 00 00 00 00 00 00 00 00 00 00 01 00 00 00   .?..............
0070   4b 53 58 50 02 00 00 00 02 00 03 00 29 00 00 00   KSXP........)...
0080   04 00 00 00 00 00 00 00 00 00 00 00 78 a5 bb 52   ............x..R
0090   0a 00 00 00 00 00 00 00 00 00 00 00 00 00 00 00   ................
00a0   d0 3f 57 86 00 00 00 00 d0 3f 57 86 00 00 00 00   .?W......?W.....
00b0   0a 03 01 01 00 00 00 00 08 ed dc 6f 00 00 00 00   ...........o....
00c0   80 06 ef 6f 00 00 00 00 00 4b ef 6f 00 00 00 00   ...o.....K.o....
00d0   05 00 fe 7f 02 00 00 00 00 00 00 00 00 00 00 00   ................
00e0   01 01 02 00 01 01 00 00 04 00 00 00 01 02 04 01   ................
00f0   29 00 00 00 1f 1c 00 00 00 00 00 00 00 00 00 00   )...............
0100   00 00 00 00 00 00 00 00 04 03 02 01 00 01 89 4c   ...............L
0110   52 ea f3 09 c4 ee b5 02 1f 1c 00 00 00 00 00 00   R...............
0120   00 00 00 00 00 00 00 00 01 02 dc 05 a9 fe 10 d8   ................
0130   00 00 00 00 00 00 00 00 00 00 00 00 ab 57 00 00   .............W..
0140   00 00 00 00 13 00 00 00 00 00 50 50 41 37 00 00   ..........PPA7..
0150   37 31 39 39 00 00 00 00 00 00 00 00 00 00 00 00   7199............
0160   00 00 00 00 00 00 00 00 04 00 00 00 00 00 00 00   ................
0170   01 98 1b 00 03 00 00 00 01 00 00 00 12 00 00 00   ................
0180   00 00 00 00 00 00 00 00 00 00 00 00 00 00 00 00   ................
0190   02 28 10 00 00 00 00 00 01 00 00 00 00 00 00 00   .(..............
01a0   04 00 00 00 00 00 00 00 03 00 00 00 00 00 00 00   ................
01b0   a2 01 00 00 00 00 00 00 20 00 00 00 00 00 00 00   ........ .......
01c0   ed 01 00 00 00 00 00 00 01 00 00 00 00 00 00 00   ................
01d0   02 00 00 00 00 00 00 00 01 00 00 00 00 00 00 00   ................
01e0   01 00 00 00 00 00 00 00 01 00 00 00 00 00 00 00   ................
01f0   01 00 00 00 00 00 00 00 02 00 00 00 00 00 00 00   ................
0200   02 00 00 00 00 00 00 00 01 00 00 00 00 00 00 00   ................
0210   01 00 00 00 00 00 00 00 00 00 00 00 10 00 00 00   ................
0220   03 00 c4 1b 00 00 00 00 00 00 00 00 07 00 00 00   ................
0230   3d 6d 3a 67 ec 06 00 01 72 38 00 00 00 00 00 00   =m:g....r8......
0240   00 00 2c 53 00 00 00 00 00 00 0f 00 c1 06 28 40   ..,S..........(@
0250   00 00 00 00 00 00 00 00 00 00 00 00 00 00 00 00   ................
0260   00 00 00 00 00 00 00 00 00 00 00 00 00 00 00 00   ................
0270   00 00 00 00 00 00 00 00 00 00 00 00 00 00 00 00   ................
0280   00 00 00 00 00 00 00 00 20 06 00 00 00 00 00 00   ........ .......
0290   00 00 00 00 00 00 00 00 30 00 00 c5 02 50 5e 30   ........0....P^0
02a0   02 01 01 00 00 00 00 00 90 2e b5 15 be 7f 00 00   ................
02b0   55 00 00 00 00 00 00 00 50 2e b5 15 be 7f 00 00   U.......P.......
02c0   08 00 00 00 00 00 00 00 20 00 00 00 00 00 00 00   ........ .......
02d0   01 00 00 c1 09 13 42 10 18 00 00 00 00 00 00 00   ......B.........
02e0   08 00 00 00 00 00 00 00 41 4d 45 52 49 43 41 4e   ........AMERICAN
02f0   30 00 37 36 35 37 00 00 02 01 01 00 00 00 00 00   0.7657..........
0300   c8 2e b5 15 be 7f 00 00 4e 00 00 00 00 00 00 00   ........N.......
0310   88 2e b5 15 be 7f 00 00 07 00 00 00 00 00 00 00   ................
0320   3a 00 00 00 00 00 00 00 01 00 00 00 00 00 00 00   :...............
0330   18 00 00 00 00 00 00 00 07 00 00 00 00 00 00 00   ................
0340   41 4d 45 52 49 43 41 28 30 00 53 20 56 31 2d 56   AMERICA(0.S V1-V
0350   02 01 01 00 00 00 00 00 00 2f b5 15 be 7f 00 00   ........./......
0360   45 00 00 00 00 00 00 00 c0 2e b5 15 be 7f 00 00   E...............
0370   01 00 00 00 00 00 00 00 52 00 00 00 00 00 00 00   ........R.......
0380   01 00 00 00 00 00 00 00 18 00 00 00 00 00 00 00   ................
0390   01 00 00 00 00 00 00 00 24 00 00 00 00 00 00 00   ........$.......
03a0   30 00 00 00 00 00 00 00 02 01 01 00 00 00 00 00   0...............
03b0   38 2f b5 15 be 7f 00 00 46 00 00 00 00 00 00 00   8/......F.......
03c0   f8 2e b5 15 be 7f 00 00 07 00 00 00 00 00 00 00   ................
03d0   68 00 00 00 00 00 00 00 01 00 00 00 00 00 00 00   h...............
03e0   18 00 00 00 00 00 00 00 07 00 00 00 00 00 00 00   ................
03f0   41 4d 45 52 49 43 41 00 30 00 00 00 00 00 00 00   AMERICA.0.......
0400   02 01 01 00 00 00 00 00 78 2f b5 15 be 7f 00 00   ........x/......
0410   47 00 00 00 00 00 00 00 30 2f b5 15 be 7f 00 00   G.......0/......
0420   02 00 00 00 00 00 00 00 8a 00 00 00 00 00 00 00   ................
0430   01 00 00 00 00 00 00 00 18 00 00 00 00 00 00 00   ................
0440   02 00 00 00 00 00 00 00 2e 2c 00 00 00 00 00 00   .........,......
0450   30 00 00 00 00 00 00 00 02 01 01 00 00 00 00 00   0...............
0460   b8 2f b5 15 be 7f 00 00 51 00 00 00 00 00 00 00   ./......Q.......
0470   68 2f b5 15 be 7f 00 00 09 00 00 00 00 00 00 00   h/..............
0480   9d 00 00 00 00 00 00 00 01 00 00 00 53 59 53 00   ............SYS.
0490   18 00 00 00 00 00 00 00 09 00 00 00 00 00 00 00   ................
04a0   47 52 45 47 4f 52 49 41 4e 00 00 00 00 00 00 00   GREGORIAN.......
04b0   30 00 00 00 00 00 00 00 02 01 01 00 00 00 00 00   0...............
04c0   f0 2f b5 15 be 7f 00 00 4c 00 00 00 00 00 00 00   ./......L.......
04d0   a8 2f b5 15 be 7f 00 00 09 00 00 00 00 00 00 00   ./..............
04e0   ba 00 00 00 00 00 00 00 01 00 00 00 00 00 00 00   ................
04f0   18 00 00 00 00 00 00 00 09 00 00 00 00 00 00 00   ................
0500   44 44 2d 4d 4f 4e 2d 52 52 00 00 00 03 53 59 53   DD-MON-RR....SYS
0510   30 00 00 00 00 00 00 00 02 01 01 00 00 00 00 00   0...............
0520   28 30 b5 15 be 7f 00 00 4d 00 00 00 00 00 00 00   (0......M.......
0530   e8 2f b5 15 be 7f 00 00 08 00 00 00 00 00 00 00   ./..............
0540   d9 00 00 00 00 00 00 00 01 00 00 00 00 00 00 00   ................
0550   18 00 00 00 00 00 00 00 08 00 00 00 00 00 00 00   ................
0560   41 4d 45 52 49 43 41 4e 30 00 00 00 00 00 00 00   AMERICAN0.......
0570   02 01 01 00 00 00 00 00 58 30 b5 15 be 7f 00 00   ........X0......
0580   50 00 00 00 00 00 00 00 20 30 b5 15 be 7f 00 00   P....... 0......
0590   06 00 00 00 00 00 00 00 ee 00 00 00 00 00 00 00   ................
05a0   01 00 00 00 00 00 00 00 18 00 00 00 00 00 00 00   ................
05b0   06 00 00 00 00 00 00 00 42 49 4e 41 52 59 00 00   ........BINARY..
05c0   20 00 00 00 00 00 00 00 23 01 01 00 00 00 00 00    .......#.......
05d0   88 30 b5 15 be 7f 00 00 78 30 b5 15 be 7f 00 00   .0......x0......
05e0   06 00 00 00 00 00 00 00 01 00 00 00 00 00 00 00   ................
05f0   10 00 00 00 00 00 00 00 06 00 00 00 00 00 00 00   ................
0600   2b 30 30 3a 30 30 00 00 30 00 00 00 00 00 00 00   +00:00..0.......
0610   02 01 01 00 00 00 00 00 c0 30 b5 15 be 7f 00 00   .........0......
0620   77 00 00 00 00 00 00 00 80 30 b5 15 be 7f 00 00   w........0......
0630   06 00 00 00 00 00 00 00 15 01 00 00 00 00 00 00   ................
0640   01 00 00 00 00 00 00 00 18 00 00 00 00 00 00 00   ................
0650   06 00 00 00 00 00 00 00 42 49 4e 41 52 59 00 00   ........BINARY..
0660   30 00 00 00 00 00 00 00 02 01 01 00 00 00 00 00   0...............
0670   00 31 b5 15 be 7f 00 00 79 00 00 00 00 00 00 00   .1......y.......
0680   b8 30 b5 15 be 7f 00 00 01 00 00 00 00 00 00 00   .0..............
0690   31 01 00 00 00 00 00 00 01 00 00 00 00 00 00 00   1...............
06a0   18 00 00 00 00 00 00 00 01 00 00 00 00 00 00 00   ................
06b0   24 00 00 00 00 00 00 00 30 00 00 00 00 00 00 00   $.......0.......
06c0   02 01 01 00 00 00 00 00 48 31 b5 15 be 7f 00 00   ........H1......
06d0   7e 00 00 00 00 00 00 00 f0 30 b5 15 be 7f 00 00   ~........0......
06e0   0e 00 00 00 00 00 00 00 46 01 00 00 00 00 00 00   ........F.......
06f0   01 00 00 00 00 00 00 00 18 00 00 00 00 00 00 00   ................
0700   0e 00 00 00 00 00 00 00 48 48 2e 4d 49 2e 53 53   ........HH.MI.SS
0710   58 46 46 20 41 4d 00 00 30 00 00 00 00 00 00 00   XFF AM..0.......
0720   02 01 01 00 00 00 00 00 90 31 b5 15 be 7f 00 00   .........1......
0730   7f 00 00 00 00 00 00 00 30 31 b5 15 be 7f 00 00   ........01......
0740   18 00 00 00 00 00 00 00 6d 01 00 00 00 00 00 00   ........m.......
0750   01 00 00 00 00 00 00 00 18 00 00 00 00 00 00 00   ................
0760   18 00 00 00 00 00 00 00 44 44 2d 4d 4f 4e 2d 52   ........DD-MON-R
0770   52 20 48 48 2e 4d 49 2e 53 53 58 46 46 20 41 4d   R HH.MI.SSXFF AM
0780   30 00 00 00 00 00 00 00 02 01 01 00 00 00 00 00   0...............
0790   e0 31 b5 15 be 7f 00 00 80 00 00 00 00 00 00 00   .1..............
07a0   78 31 b5 15 be 7f 00 00 12 00 00 00 00 00 00 00   x1..............
07b0   9c 01 00 00 00 00 00 00 01 00 00 00 00 00 00 00   ................
07c0   18 00 00 00 00 00 00 00 12 00 00 00 00 00 00 00   ................
07d0   48 48 2e 4d 49 2e 53 53 58 46 46 20 41 4d 20 54   HH.MI.SSXFF AM T
07e0   5a 52 00 00 00 00 00 00 30 00 00 00 00 00 00 00   ZR......0.......
07f0   02 01 01 00 00 00 00 00 00 00 00 00 00 00 00 00   ................
0800   81 00 00 00 00 00 00 00 c0 31 b5 15 be 7f 00 00   .........1......
0810   1c 00 00 00 00 00 00 00 ca 01 00 00 00 00 00 00   ................
0820   01 00 00 00 00 00 00 00 18 00 00 00 00 00 00 00   ................
0830   1c 00 00 00 00 00 00 00 44 44 2d 4d 4f 4e 2d 52   ........DD-MON-R
0840   52 20 48 48 2e 4d 49 2e 53 53 58 46 46 20 41 4d   R HH.MI.SSXFF AM
0850   20 54 5a 52 00 00 00 00 81 01 00 00 00 00 00 00    TZR............
0860   e2 89 fb 89 d0 11 22 01 6a 02 00 00 ae f4 c3 e2   ......".j.......
0870   cf fa 33 10 56 41 45 55 51 95 21 10 55 45 55 15   ..3.VAEUQ.!.UEU.
0880   45 54 55 58 59 15 55 44 96 65 85 1d 55 11 05 85   ETUXY.UD.e..U...
0890   55 55 51 55 51 51 22 55 54 15 a0 ea 0c 55 51 45   UUQUQQ"UT....UQE
08a0   42 65 45 54 54 44 90 91 56 6e 03 16 96 c6 f3 55   BeETTD..Vn.....U
08b0   45 15 01 02 54 15 50 44 16 fd 55 71 51 55 15 55   E...T.PD..UqQU.U
08c0   55 10 01 55 0a 16 21 45 45 d1 c3 54 44 a1 01 10   U..U..!EE..TD...
08d0   15 59 55 10 25 01 53 35 55 55 55 55 51 e9 1f 14   .YU.%.S5UUUUQ...
08e0   11 85 5b 05 01 65 5d 56 45 61 44 55 15 25 24 50   ..[..e]VEaDU.%$P
08f0   05 f9 a4 16 01 90 50 51 65 55 16 95 50 44 15 95   ......PQeU..PD..
0900   79 45 05 04 a4 05 1d 21 12 50 00 0c 00 20 00 00   yE.....!.P... ..
0910   00 00 01 00 00 10 00 00 00 01 00 20 80 00 7d 00   ........... ..}.
0920   00 00 00 6c 00 00 00 32 00 10 10 00 00 c0 c3 af   ...l...2........
0930   1b 00 00 90 99 15 00 00 00 36 00 00 1d 21 12 50   .........6...!.P
0940   46 46 26 20 40 26 23 20 03 00 20 00 30 20 a0 a0   FF& @&# .. .0 ..
0950   50 50 a0 40 01 20 00 00 40 1f 00 00 40 a6 a0 a0   PP.@. ..@...@...
0960   a0 40 86 3e 00 00 40 06 d4 01 00 00 3c 30 20 00   .@.>..@.....<0 .
0970   20 00 00 f0 ff 0f 00 00 d4 00 00 00 d4 01 00 20    ..............
0980   03 04 00 04 00 80 3e 00 00 00 71 02 00 00 00 02   ......>...q.....
0990   00 a0 e0 31 80 0c 00 80 00 00 10 00 00 00 71 02   ...1..........q.
09a0   00 30 40 10 a8 00 68 89 09 80 3e 00 00 b0 44 f6   .0@...h...>...D.
09b0   ff 0f 00 f0 ff 0f 00 00 00 01 00 40 01 6a 18 00   ...........@.j..
09c0   40 06 04 e2 04 00 70 20 80 8c 3c 82 ff 0f 00 f0   @.....p ..<.....
09d0   ff 0f 00 20 40 00 a4 40 01 25 a3 a0 00 00 00 01   ... @..@.%......
09e0   00 00 00 00 00 00 00 00 1c 00 00 00 00 00 00 00   ................
09f0   40 fc 25 70 00 00 00 00 07 00 00 00 1b 00 49 47   @.%p..........IG
0a00   4e 4f 52 45 5f 4f 50 54 49 4d 5f 45 4d 42 45 44   NORE_OPTIM_EMBED
0a10   44 45 44 5f 48 49 4e 54 53 00 00 00 00 00 03 00   DED_HINTS.......
0a20   24 00 00 00 00 00 00 00 90 fc 25 70 00 00 00 00   $.........%p....
0a30   06 00 00 00 23 00 4f 50 54 49 4d 49 5a 45 52 5f   ....#.OPTIMIZER_
0a40   46 45 41 54 55 52 45 53 5f 45 4e 41 42 4c 45 28   FEATURES_ENABLE(
0a50   27 31 39 2e 31 2e 30 27 29 00 00 00 00 00 00 00   '19.1.0').......
0a60   15 00 00 00 00 00 00 00 d0 fc 25 70 00 00 00 00   ..........%p....
0a70   05 00 00 00 14 00 44 42 5f 56 45 52 53 49 4f 4e   ......DB_VERSION
0a80   28 27 31 39 2e 31 2e 30 27 29 00 00 00 00 00 00   ('19.1.0')......
0a90   0c 00 00 00 00 00 00 00 08 fd 25 70 00 00 00 00   ..........%p....
0aa0   04 00 00 00 0b 00 52 42 4f 5f 4f 55 54 4c 49 4e   ......RBO_OUTLIN
0ab0   45 00 00 00 00 00 00 00 17 00 ff 7f 00 00 00 00   E...............
0ac0   48 fd 25 70 00 00 00 00 03 00 00 00 16 00 4f 55   H.%p..........OU
0ad0   54 4c 49 4e 45 5f 4c 45 41 46 28 40 22 53 45 4c   TLINE_LEAF(@"SEL
0ae0   24 32 22 29 00 00 00 00 17 00 00 00 00 00 00 00   $2")............
0af0   18 04 26 70 00 00 00 00 02 00 00 00 16 00 4f 55   ..&p..........OU
0b00   54 4c 49 4e 45 5f 4c 45 41 46 28 40 22 53 45 4c   TLINE_LEAF(@"SEL
0b10   24 31 22 29 00 00 00 00 1b 00 00 00 00 00 00 00   $1")............
0b20   00 00 00 00 00 00 00 00 01 00 00 00 1a 00 46 55   ..............FU
0b30   4c 4c 28 40 22 53 45 4c 24 32 22 20 22 44 22 40   LL(@"SEL$2" "D"@
0b40   22 53 45 4c 24 32 22 29 00 00 00 00 00 00 00 00   "SEL$2")........
0b50   00 00 00 04 d0 11 22 01 01 00 00 00 00 00 00 00   ......".........
0b60   e5 27 00 00 00 00 00 00 00 00 00 00 00 00 00 00   .'..............
0b70   ff ff ff ff 00 00 00 00 73 65 6c 65 63 74 20 64   ........select d
0b80   62 6e 61 6d 65 2c 69 6e 73 74 6e 61 6d 65 2c 53   bname,instname,S
0b90   55 4d 28 52 45 41 44 5f 54 49 4d 45 29 2c 53 55   UM(READ_TIME),SU
0ba0   4d 28 57 52 49 54 45 5f 54 49 4d 45 29 2c 53 55   M(WRITE_TIME),SU
0bb0   4d 28 52 45 41 44 53 29 2c 53 55 4d 28 57 52 49   M(READS),SUM(WRI
0bc0   54 45 53 29 2c 53 55 4d 28 52 45 41 44 5f 45 52   TES),SUM(READ_ER
0bd0   52 53 29 2c 53 55 4d 28 57 52 49 54 45 5f 45 52   RS),SUM(WRITE_ER
0be0   52 53 29 2c 53 55 4d 28 42 59 54 45 53 5f 52 45   RS),SUM(BYTES_RE
0bf0   41 44 29 2c 53 55 4d 28 42 59 54 45 53 5f 57 52   AD),SUM(BYTES_WR
0c00   49 54 54 45 4e 29 20 66 72 6f 6d 20 67 76 24 61   ITTEN) from gv$a
0c10   73 6d 5f 64 69 73 6b 5f 69 6f 73 74 61 74 20 67   sm_disk_iostat g
0c20   72 6f 75 70 20 62 79 20 64 62 6e 61 6d 65 2c 69   roup by dbname,i
0c30   6e 73 74 6e 61 6d 65 00 00 00 00 00 00 00 00 00   nstname.........
0c40   85 01 00 00 00 00 00 00 53 45 4c 45 43 54 20 22   ........SELECT "
0c50   47 56 24 41 53 4d 5f 44 49 53 4b 5f 49 4f 53 54   GV$ASM_DISK_IOST
0c60   41 54 22 2e 22 49 4e 53 54 4e 41 4d 45 22 2c 20   AT"."INSTNAME",
0c70   22 47 56 24 41 53 4d 5f 44 49 53 4b 5f 49 4f 53   "GV$ASM_DISK_IOS
0c80   54 41 54 22 2e 22 44 42 4e 41 4d 45 22 2c 20 22   TAT"."DBNAME", "
0c90   47 56 24 41 53 4d 5f 44 49 53 4b 5f 49 4f 53 54   GV$ASM_DISK_IOST
0ca0   41 54 22 2e 22 52 45 41 44 53 22 2c 20 22 47 56   AT"."READS", "GV
0cb0   24 41 53 4d 5f 44 49 53 4b 5f 49 4f 53 54 41 54   $ASM_DISK_IOSTAT
0cc0   22 2e 22 57 52 49 54 45 53 22 2c 20 22 47 56 24   "."WRITES", "GV$
0cd0   41 53 4d 5f 44 49 53 4b 5f 49 4f 53 54 41 54 22   ASM_DISK_IOSTAT"
0ce0   2e 22 52 45 41 44 5f 45 52 52 53 22 2c 20 22 47   ."READ_ERRS", "G
0cf0   56 24 41 53 4d 5f 44 49 53 4b 5f 49 4f 53 54 41   V$ASM_DISK_IOSTA
0d00   54 22 2e 22 57 52 49 54 45 5f 45 52 52 53 22 2c   T"."WRITE_ERRS",
0d10   20 22 47 56 24 41 53 4d 5f 44 49 53 4b 5f 49 4f    "GV$ASM_DISK_IO
0d20   53 54 41 54 22 2e 22 52 45 41 44 5f 54 49 4d 45   STAT"."READ_TIME
0d30   22 2c 20 22 47 56 24 41 53 4d 5f 44 49 53 4b 5f   ", "GV$ASM_DISK_
0d40   49 4f 53 54 41 54 22 2e 22 57 52 49 54 45 5f 54   IOSTAT"."WRITE_T
0d50   49 4d 45 22 2c 20 22 47 56 24 41 53 4d 5f 44 49   IME", "GV$ASM_DI
0d60   53 4b 5f 49 4f 53 54 41 54 22 2e 22 42 59 54 45   SK_IOSTAT"."BYTE
0d70   53 5f 52 45 41 44 22 2c 20 22 47 56 24 41 53 4d   S_READ", "GV$ASM
0d80   5f 44 49 53 4b 5f 49 4f 53 54 41 54 22 2e 22 42   _DISK_IOSTAT"."B
0d90   59 54 45 53 5f 57 52 49 54 54 45 4e 22 20 46 52   YTES_WRITTEN" FR
0da0   4f 4d 20 22 47 56 24 41 53 4d 5f 44 49 53 4b 5f   OM "GV$ASM_DISK_
0db0   49 4f 53 54 41 54 22 20 22 47 56 24 41 53 4d 5f   IOSTAT" "GV$ASM_
0dc0   44 49 53 4b 5f 49 4f 53 54 41 54 22 00 00 00 00   DISK_IOSTAT"....
0dd0   00 00 00 00 00 00 00 00 00 00 00 00 00 00 00 00   ................
0de0   00 00 00 00 00 00 00 00 00 00 00 00 00 00 00 00   ................
0df0   00 00 00 00 00 00 00 00 00 00 00 00 00 00 00 00   ................
0e00   00 00 00 00 00 00 00 00 00 00 00 00 00 00 00 00   ................
0e10   00 00 00 00 00 00 00 00 00 00 00 00 00 00 00 00   ................
0e20   00 00 00 00 00 00 00 00 00 00 00 00 00 00 00 00   ................
0e30   00 00 00 00 00 00 00 00 00 00 00 00 00 00 00 00   ................
0e40   00 00 00 00 00 00 00 00 00 00 00 00 00 00 00 00   ................
0e50   00 00 00 00 00 00 00 00 00 00 00 00 00 00 00 00   ................
0e60   00 00 00 00 00 00 00 00 00 00 00 00 00 00 00 00   ................
0e70   00 00 00 00 00 00 00 00 00 00 00 00 00 00 00 00   ................
0e80   00 00 00 00 00 00 00 00 00 00 00 00 00 00 00 00   ................
0e90   00 00 00 00 00 00 00 00 00 00 00 00 00 00 00 00   ................
0ea0   00 00 00 00 00 00 00 00 00 00 00 00 00 00 00 00   ................
0eb0   00 00 00 00 00 00 00 00 00 00 00 00 00 00 00 00   ................
0ec0   00 00 00 00 00 00 00 00 00 00 00 00 00 00 00 00   ................
0ed0   00 00 00 00 00 00 00 00 00 00 00 00 00 00 00 00   ................
0ee0   00 00 00 00 00 00 00 00 00 00 00 00 00 00 00 00   ................
0ef0   00 00 00 00 00 00 00 00 00 00 00 00 00 00 00 00   ................
0f00   00 00 00 00 00 00 00 00 00 00 00 00 00 00 00 00   ................
0f10   00 00 00 00 00 00 00 00 00 00 00 00 00 00 00 00   ................
0f20   00 00 00 00 00 00 00 00 00 00 00 00 00 00 00 00   ................
0f30   00 00 00 00 00 00 00 00 00 00 00 00 00 00 00 00   ................
0f40   00 00 00 00 00 00 00 00 00 00 00 00 00 00 00 00   ................
0f50   00 00 00 00 00 00 00 00 00 00 00 00 00 00 00 00   ................
0f60   00 00 00 00 00 00 00 00 00 00 00 00 00 00 00 00   ................
0f70   00 00 00 00 00 00 00 00 00 00 00 00 00 00 00 00   ................
0f80   00 00 00 00 00 00 00 00 00 00 00 00 00 00 00 00   ................
0f90   00 00 00 00 00 00 00 00 00 00 00 00 00 00 00 00   ................
0fa0   00 00 00 00 00 00 00 00 00 00 00 00 00 00 00 00   ................
0fb0   00 00 00 00 00 00 00 00 00 00 00 00 00 00 00 00   ................
0fc0   00 00 00 00 00 00 00 00 00 00 00 00 00 00 00 00   ................
0fd0   00 00 00 00 00 00 00 00 00 00 00 00 00 00 00 00   ................
0fe0   00 00 00 00 00 00 00 00 00 00 00 00 00 00 00 00   ................
0ff0   00 00 00 00 00 00 00 00 00 00 00 00 00 00 00 00   ................
1000   00 00 00 00 00 00 00 00 00 00 00 00 00 00 00 00   ................
1010   00 00 00 00 00 00 00 00 00 00 00 00 00 00 00 00   ................
1020   00 00 00 00 00 00 00 00 00 00 00 00 00 00 00 00   ................
1030   00 00 00 00 00 00 00 00 00 00 00 00 00 00 00 00   ................
1040   00 00 00 00 00 00 00 00 00 00 00 00 00 00 00 00   ................
1050   00 00 00 00 00 00 00 00 00 00 00 00 00 00 00 00   ................
1060   00 00 00 00 00 00 00 00 00 00 00 00 00 00 00 00   ................
1070   00 00 00 00 00 00 00 00 00 00 00 00 00 00 00 00   ................
1080   00 00 00 00 00 00 00 00 00 00 00 00 00 00 00 00   ................
1090   04 00 00 00 00 00 00 00 d8 0c 69 16 be 7f 00 00   ..........i.....
10a0   04 00 00 00 00 00 00 00 00 00 00 00 00 00 00 00   ................
10b0   00 00 00 00 00 00 00 00 70 3f 69 16 be 7f 00 00   ........p?i.....
10c0   00 00 00 00 00 00 00 00 00 00 00 00 00 00 00 00   ................
10d0   00 00 00 00 00 00 00 00 00 00 00 00 00 00 00 00   ................
10e0   00 00 00 00 00 00 00 00 00 00 00 00 00 00 00 00   ................
10f0   00 00 00 00 00 00 00 00 00 00 00 00 00 00 00 00   ................
1100   00 00 00 00 00 00 00 00 00 00 00 00 00 00 00 00   ................
1110   00 00 00 00 00 00 00 00 00 00 00 00 00 00 00 00   ................
1120   00 00 00 00 00 00 00 00 00 00 00 00 00 00 00 00   ................
1130   00 00 00 00 00 00 00 00 00 00 00 00 00 00 00 00   ................
1140   00 00 00 00 00 00 00 00 00 00 00 00 00 00 00 00   ................
1150   00 00 00 00 00 00 00 00 00 00 00 00 00 00 00 00   ................
1160   00 00 00 00 00 00 00 00 00 00 00 00 00 00 00 00   ................
1170   00 00 00 00 00 00 00 00 00 00 00 00 00 00 00 00   ................
1180   00 00 00 00 00 00 00 00 00 00 00 00 00 00 00 00   ................
1190   00 00 00 00 00 00 00 00 00 00 00 00 00 00 00 00   ................
11a0   00 00 00 00 00 00 00 00 00 00 00 00 00 00 00 00   ................
11b0   00 00 00 00 00 00 00 00 00 00 00 00 00 00 00 00   ................
11c0   00 00 00 00 00 00 00 00 00 00 00 00 00 00 00 00   ................
11d0   00 00 00 00 00 00 00 00 00 00 00 00 00 00 00 00   ................
11e0   00 00 00 00 00 00 00 00 00 00 00 00 00 00 00 00   ................
11f0   00 00 00 00 00 00 00 00 00 00 00 00 00 00 00 00   ................
1200   00 00 00 00 00 00 00 00 00 00 00 00 00 00 00 00   ................
1210   00 00 00 00 00 00 00 00 00 00 00 00 00 00 00 00   ................
1220   00 00 00 00 00 00 00 00 00 00 00 00 00 00 00 00   ................
1230   00 00 00 00 00 00 00 00 00 00 00 00 00 00 00 00   ................
1240   00 00 00 00 00 00 00 00 00 00 00 00 00 00 00 00   ................
1250   00 00 00 00 00 00 00 00 00 00 00 00 00 00 00 00   ................
1260   00 00 00 00 00 00 00 00 00 00 00 00 00 00 00 00   ................
1270   00 00 00 00 00 00 00 00 00 00 00 00 00 00 00 00   ................
1280   0a cf ff ff 00 00 00 00 00 00 00 00 00 00 00 00   ................
1290   00 00 00 00 00 00 00 00 00 00 00 00 00 00 00 00   ................
12a0   00 00 00 00 00 00 00 00 00 00 00 00 00 00 00 00   ................
12b0   00 00 00 00 00 00 00 00 00 00 00 00 00 00 00 00   ................
12c0   00 00 00 00 00 00 00 00 00 00 00 00 00 00 00 00   ................
12d0   00 00 00 00 00 00 00 00 00 00 00 00 00 00 00 00   ................
12e0   00 00 00 00 00 00 00 00 00 00 00 00 00 00 00 00   ................
12f0   00 00 00 00 00 00 00 00 00 00 00 00 00 00 00 00   ................
1300   00 00 00 00 00 00 00 00 00 00 00 00 00 00 00 00   ................
1310   00 00 00 00 00 00 00 00 00 00 00 00 00 00 00 00   ................
1320   00 00 00 00 00 00 00 00 00 00 00 00 00 00 00 00   ................
1330   00 00 00 00 00 00 00 00 00 00 00 00 00 00 00 00   ................
1340   00 00 00 00 00 00 00 00 00 00 00 00 00 00 00 00   ................
1350   02 00 00 00 02 00 00 00 00 00 00 00 00 00 00 00   ................
1360   00 00 00 00 00 00 00 00 00 00 00 00 00 00 00 00   ................
1370   00 00 00 00 00 00 00 00 00 00 00 00 00 00 00 00   ................
1380   00 00 00 00 00 00 00 00 00 00 00 00 00 00 00 00   ................
1390   5e 94 01 00 02 00 00 00 00 40 00 00 00 00 00 00   ^........@......
13a0   6f 73 79 73 6d 6f 6e 64 2e 62 69 6e 40 72 61 63   osysmond.bin@rac
13b0   6e 6f 64 65 64 31 20 28 54 4e 53 20 56 31 2d 56   noded1 (TNS V1-V
13c0   33 29 2d 56 33 29 00 00 00 00 00 00 00 00 00 00   3)-V3)..........
13d0   00 00 00 00 00 00 00 00 00 00 00 00 00 00 00 00   ................
13e0   22 00 00 00 00 00 00 00 05 0d 0a 1d 42 72 6f 61   "...........Broa
13f0   64 63 61 73 74 20 44 4d 4c 20 66 72 65 71 73 20   dcast DML freqs
1400   74 6f 20 69 6e 73 74 61 6e 63 65 73 00 00 00 00   to instances....
1410   00 00 00 00 00 00 00 00 00 00 00 00 00 00 00 00   ................
1420   00 00 00 00 00 00 00 00 00 00 00 00 00 00 00 00   ................
1430   00 00 00 00 00 00 00 00 00 00 00 00 00 00 00 00   ................
1440   00 00 00 00 00 00 00 00 00 00 00 00 00 00 00 00   ................
1450   00 00 00 00 00 00 00 00 00 00 00 00 00 00 00 00   ................
1460   00 00 00 00 00 00 00 00 00 00 00 00 00 00 00 00   ................
1470   00 00 00 00 00 00 00 00 00 00 00 00 00 00 00 00   ................
1480   00 00 00 00 00 00 00 00 00 00 00 00 00 00 00 00   ................
1490   53 59 53 24 55 53 45 52 53 00 00 00 00 00 00 00   SYS$USERS.......
14a0   00 00 00 00 00 00 00 00 00 00 00 00 00 00 00 00   ................
14b0   00 00 00 00 00 00 00 00 00 00 00 00 00 00 00 00   ................
14c0   00 00 00 00 00 00 00 00 00 00 00 00 00 00 00 00   ................
14d0   00 00 00 00 00 00 00 00 00 00 00 00 00 00 00 00   ................
14e0   ff ff ff ff 00 00 00 00 00 00 00 00 00 00 00 00   ................
14f0   00 00 00 00 00 00 00 00 00 00 00 00 00 00 00 00   ................
1500   00 00 00 00 00 00 00 00 00 00 00 00 00 00 00 00   ................
1510   00 00 00 00 00 00 00 00 00 00 00 00 01 00 00 00   ................
1520   01 00 00 00 00 00 00 00 01 00 00 00 00 00 00 00   ................
1530   00 00 00 00 00 00 00 00 00 00 00 00 00 00 00 00   ................
1540   00 00 00 00 00 00 00 00 00 00 00 00 00 00 00 00   ................
1550   00 00 00 00 00 00 00 00 00 00 00 00 00 00 00 00   ................
1560   00 00 00 00 00 00 00 00 00 00 00 00 00 00 00 00   ................
1570   00 00 00 00 00 00 00 00 00 00 00 00 00 00 00 00   ................
1580   00 00 00 00 00 00 00 00 00 00 00 00 00 00 00 00   ................
1590   00 00 00 00 00 00 00 00 00 00 00 00 00 00 00 00   ................
15a0   00 00 00 00 00 00 00 00 00 00 00 00 00 00 00 00   ................
15b0   00 00 00 00 00 00 00 00 00 00 00 00 00 00 00 00   ................
15c0   00 00 00 00 00 00 00 00 00 00 00 00 00 00 00 00   ................
15d0   00 00 00 00 00 00 00 00 00 00 00 00 00 00 00 00   ................
15e0   00 00 00 00 00 00 00 00 00 00 00 00 00 00 00 00   ................
15f0   00 00 00 00 00 00 00 00 00 00 00 00 00 00 00 00   ................
1600   00 00 00 00 00 00 00 00 00 00 00 00 00 00 00 00   ................
1610   00 00 00 00 00 00 00 00 00 00 00 00 00 00 00 00   ................
1620   00 00 00 00 00 00 00 00 00 00 00 00 00 00 00 00   ................
1630   00 00 00 00 00 00 00 00 00 00 00 00 00 00 00 00   ................
1640   00 00 00 00 00 00 00 00 00 00 00 00 00 00 00 00   ................
1650   00 00 00 00 00 00 00 00 00 00 00 00 00 00 00 00   ................
1660   00 00 00 00 00 00 00 00 00 00 00 00 00 00 00 00   ................
1670   00 00 00 00 00 00 00 00 00 00 00 00 00 00 00 00   ................
1680   00 00 00 00 00 00 00 00 00 00 00 00 00 00 00 00   ................
1690   00 00 00 00 00 00 00 00 00 00 00 00 00 00 00 00   ................
16a0   00 00 00 00 00 00 00 00 00 00 00 00 00 00 00 00   ................
16b0   00 00 00 00 00 00 00 00 00 00 00 00 00 00 00 00   ................
16c0   00 00 00 00 00 00 00 00 00 00 00 00 00 00 00 00   ................
16d0   00 00 00 00 00 00 00 00 00 00 00 00 00 00 00 00   ................
16e0   00 00 00 00 00 00 00 00 00 00 00 00 00 00 00 00   ................
16f0   00 00 00 00 00 00 00 00 00 00 00 00 00 00 00 00   ................
1700   00 00 00 00 00 00 00 00 00 00 00 00 00 00 00 00   ................
1710   00 00 00 00 00 00 00 00 00 00 00 00 00 00 00 00   ................
1720   00 00 00 00 00 00 00 00 00 00 00 00 00 00 00 00   ................
1730   00 00 00 00 00 00 00 00 00 00 00 00 00 00 00 00   ................
1740   00 00 00 00 00 00 00 00 00 00 00 00 00 00 00 00   ................
1750   00 00 00 00 00 00 00 00 00 00 00 00 00 00 00 00   ................
1760   00 00 00 00 00 00 00 00 00 00 00 00 00 00 00 00   ................
1770   00 00 00 00 00 00 00 00 00 00 00 00 00 00 00 00   ................
1780   00 00 00 00 00 00 00 00 00 00 00 00 00 00 00 00   ................
1790   00 00 00 00 00 00 00 00 00 00 00 00 00 00 00 00   ................
17a0   00 00 00 00 00 00 00 00 00 00 00 00 00 00 00 00   ................
17b0   00 00 00 00 00 00 00 00 00 00 00 00 00 00 00 00   ................
17c0   00 00 00 00 00 00 00 00 00 00 00 00 00 00 00 00   ................
17d0   00 00 00 00 00 00 00 00 00 00 00 00 00 00 00 00   ................
17e0   00 00 00 00 00 00 00 00 00 00 00 00 00 00 00 00   ................
17f0   00 00 00 00 00 00 00 00 00 00 00 00 00 00 00 00   ................
1800   00 00 00 00 00 00 00 00 00 00 00 00 00 00 00 00   ................
1810   00 00 00 00 00 00 00 00 00 00 00 00 00 00 00 00   ................
1820   00 00 00 00 00 00 00 00 00 00 00 00 00 00 00 00   ................
1830   00 00 00 00 00 00 00 00 00 00 00 00 00 00 00 00   ................
1840   00 00 00 00 00 00 00 00 00 00 00 00 00 00 00 00   ................
1850   00 00 00 00 00 00 00 00 00 00 00 00 00 00 00 00   ................
1860   00 00 00 00 00 00 00 00 00 00 00 00 00 00 00 00   ................
1870   00 00 00 00 00 00 00 00 00 00 00 00 00 00 00 00   ................
1880   00 00 00 00 00 00 00 00 00 00 00 00 00 00 00 00   ................
1890   00 00 00 00 00 00 00 00 00 00 00 00 00 00 00 00   ................
18a0   00 00 00 00 00 00 00 00 00 00 00 00 00 00 00 00   ................
18b0   00 00 00 00 00 00 00 00 00 00 00 00 00 00 00 00   ................
18c0   00 00 00 00 00 00 00 00 00 00 00 00 00 00 00 00   ................
18d0   00 00 00 00 00 00 00 00 00 00 00 00 00 00 00 00   ................
18e0   00 00 00 00 00 00 00 00 00 00 00 00 00 00 00 00   ................
18f0   00 00 00 00 00 00 00 00 00 00 00 00 00 00 00 00   ................
1900   00 00 00 00 00 00 00 00 00 00 00 00 00 00 00 00   ................
1910   00 00 00 00 00 00 00 00 00 00 00 00 00 00 00 00   ................
1920   00 00 00 00 00 00 00 00 00 00 00 00 00 00 00 00   ................
1930   00 00 00 00 00 00 00 00 00 00 00 00 00 00 00 00   ................
1940   00 00 00 00 00 00 00 00 00 00 00 00 00 00 00 00   ................
1950   00 00 00 00 00 00 00 00 00 00 00 00 00 00 00 00   ................
1960   00 00 00 00 00 00 00 00 00 00 00 00 00 00 00 00   ................
1970   00 00 00 00 00 00 00 00 00 00 00 00 00 00 00 00   ................
1980   00 00 00 00 00 00 00 00 00 00 00 00 00 00 00 00   ................
1990   00 00 00 00 00 00 00 00 00 00 00 00 00 00 00 00   ................
19a0   00 00 00 00 00 00 00 00 00 00 00 00 00 00 00 00   ................
19b0   00 00 00 00 00 00 00 00 00 00 00 00 00 00 00 00   ................
19c0   00 00 00 00 00 00 00 00 00 00 00 00 00 00 00 00   ................
19d0   00 00 00 00 00 00 00 00 00 00 00 00 00 00 00 00   ................
19e0   00 00 00 00 00 00 00 00 00 00 00 00 00 00 00 00   ................
19f0   00 00 00 00 00 00 00 00 00 00 00 00 00 00 00 00   ................
1a00   00 00 00 00 00 00 00 00 00 00 00 00 00 00 00 00   ................
1a10   00 00 00 00 00 00 00 00 00 00 00 00 00 00 00 00   ................
1a20   00 00 00 00 00 00 00 00 00 00 00 00 00 00 00 00   ................
1a30   00 00 00 00 00 00 00 00 00 00 00 00 00 00 00 00   ................
1a40   00 00 00 00 00 00 00 00 00 00 00 00 00 00 00 00   ................
1a50   00 00 00 00 00 00 00 00 00 00 00 00 00 00 00 00   ................
1a60   00 00 00 00 00 00 00 00 00 00 00 00 00 00 00 00   ................
1a70   00 00 00 00 00 00 00 00 00 00 00 00 00 00 00 00   ................
1a80   00 00 00 00 00 00 00 00 00 00 00 00 00 00 00 00   ................
1a90   00 00 00 00 00 00 00 00 00 00 00 00 00 00 00 00   ................
1aa0   00 00 00 00 00 00 00 00 00 00 00 00 00 00 00 00   ................
1ab0   00 00 00 00 00 00 00 00 00 00 00 00 00 00 00 00   ................
1ac0   00 00 00 00 00 00 00 00 00 00 00 00 00 00 00 00   ................
1ad0   00 00 00 00 00 00 00 00 00 00 00 00 00 00 00 00   ................
1ae0   00 00 00 00 00 00 00 00 00 00 00 00 00 00 00 00   ................
1af0   00 00 00 00 00 00 00 00 00 00 00 00 00 00 00 00   ................
1b00   00 00 00 00 00 00 00 00 00 00 00 00 00 00 00 00   ................
1b10   00 00 00 00 00 00 00 00 00 00 00 00 00 00 00 00   ................
1b20   00 00 00 00 00 00 00 00 00 00 00 00 00 00 00 00   ................
1b30   00 00 00 00 00 00 00 00 00 00 00 00 00 00 00 00   ................
1b40   00 00 00 00 00 00 00 00 00 00 00 00 00 00 00 00   ................
1b50   00 00 00 00 00 00 00 00 00 00 00 00 00 00 00 00   ................
1b60   00 00 00 00 00 00 00 00 00 00 00 00 00 00 00 00   ................
1b70   00 00 00 00 00 00 00 00 00 00 00 00 00 00 00 00   ................
1b80   00 00 00 00 00 00 00 00 00 00 00 00 00 00 00 00   ................
1b90   00 00 00 00 00 00 00 00 00 00 00 00 00 00 00 00   ................
1ba0   00 00 00 00 00 00 00 00 00 00 00 00 00 00 00 00   ................
1bb0   00 00 00 00 00 00 00 00 00 00 00 00 00 00 00 00   ................
1bc0   00 00 00 00 00 00 00 00 00 00 00 00 00 00 00 00   ................
1bd0   00 00 00 00 00 00 00 00 00 00 00 00 00 00 00 00   ................
1be0   00 00 00 00 00 00 00 00 00 00 00 00 00 00 00 00   ................
1bf0   00 00 00 00 00 00 00 00 00 00 00 00 00 00 00 00   ................
1c00   00 00 00 00 00 00 00 00 00 00 00 00 00 00 00 00   ................
1c10   00 00 00 00 00 00 00 00 00 00 00 00 00 00 00 00   ................
1c20   00 00 00 00 00 00 00 00 00 00 00 00 00 00 00 00   ................
1c30   00 00 00 00 00 00 00 00 00 00 00 00 00 00 00 00   ................
1c40   00 00 00 00 00 00 00 00 00 00 00 00 00 00 00 00   ................
1c50   00 00 00 00 00 00 00 00 00 00 00 00 00 00 00 00   ................
1c60   00 00 00 00 00 00 00 00 00 00 00 00 00 00 00 00   ................
1c70   00 00 00 00 00 00 00 00 00 00 00 00 00 00 00 00   ................
1c80   00 00 00 00 00 00 00 00 00 00 00 00 00 00 00 00   ................
1c90   00 00 00 00 00 00 00 00 00 00 00 00 00 00 00 00   ................
1ca0   00 00 00 00 00 00 00 00 00 00 00 00 00 00 00 00   ................
1cb0   00 00 00 00 00 00 00 00 00 00 00 00 00 00 00 00   ................
1cc0   00 00 00 00 00 00 00 00 00 00 00 00 00 00 00 00   ................
1cd0   00 00 00 00 00 00 00 00 00 00 00 00 00 00 00 00   ................
1ce0   00 00 00 00 00 00 00 00 00 00 00 00 00 00 00 00   ................
1cf0   00 00 00 00 00 00 00 00 00 00 00 00 00 00 00 00   ................
1d00   00 00 00 00 00 00 00 00 00 00 00 00 00 00 00 00   ................
1d10   00 00 00 00 00 00 00 00 00 00 00 00 00 00 00 00   ................
1d20   00 00 00 00 00 00 00 00 00 00 00 00 00 00 00 00   ................
1d30   00 00 00 00 00 00 00 00 00 00 00 00 00 00 00 00   ................
1d40   00 00 00 00 00 00 00 00 00 00 00 00 00 00 00 00   ................
1d50   00 00 00 00 00 00 00 00 00 00 00 00 00 00 00 00   ................
1d60   00 00 00 00 00 00 00 00 00 00 00 00 00 00 00 00   ................
1d70   00 00 00 00 00 00 00 00 00 00 00 00 00 00 00 00   ................
1d80   00 00 00 00 00 00 00 00 00 00 00 00 00 00 00 00   ................
1d90   00 00 00 00 00 00 00 00 00 00 00 00 00 00 00 00   ................
1da0   00 00 00 00 00 00 00 00 00 00 00 00 00 00 00 00   ................
1db0   00 00 00 00 00 00 00 00 00 00 00 00 00 00 00 00   ................
1dc0   00 00 00 00 00 00 00 00 00 00 00 00 00 00 00 00   ................
1dd0   00 00 00 00 00 00 00 00 00 00 00 00 00 00 00 00   ................
1de0   00 00 00 00 00 00 00 00 00 00 00 00 00 00 00 00   ................
1df0   00 00 00 00 00 00 00 00 00 00 00 00 00 00 00 00   ................
1e00   00 00 00 00 00 00 00 00 00 00 00 00 00 00 00 00   ................
1e10   00 00 00 00 00 00 00 00 00 00 00 00 00 00 00 00   ................
1e20   00 00 00 00 00 00 00 00 00 00 00 00 00 00 00 00   ................
1e30   00 00 00 00 00 00 00 00 00 00 00 00 00 00 00 00   ................
1e40   00 00 00 00 00 00 00 00 00 00 00 00 00 00 00 00   ................
1e50   00 00 00 00 00 00 00 00 00 00 00 00 00 00 00 00   ................
1e60   00 00 00 00 00 00 00 00 00 00 00 00 00 00 00 00   ................
1e70   00 00 00 00 00 00 00 00 00 00 00 00 00 00 00 00   ................
1e80   00 00 00 00 00 00 00 00 00 00 00 00 00 00 00 00   ................
1e90   00 00 00 00 00 00 00 00 00 00 00 00 00 00 00 00   ................
1ea0   00 00 00 00 00 00 00 00 00 00 00 00 00 00 00 00   ................
1eb0   00 00 00 00 00 00 00 00 00 00 00 00 00 00 00 00   ................
1ec0   00 00 00 00 00 00 00 00 00 00 00 00 00 00 00 00   ................
1ed0   00 00 00 00 00 00 00 00 00 00 00 00 00 00 00 00   ................
1ee0   00 00 00 00 00 00 00 00 00 00 00 00 00 00 00 00   ................
1ef0   00 00 00 00 00 00 00 00 00 00 00 00 00 00 00 00   ................
1f00   00 00 00 00 00 00 00 00 00 00 00 00 00 00 00 00   ................
1f10   00 00 00 00 00 00 00 00 00 00 00 00 00 00 00 00   ................
1f20   00 00 00 00 00 00 00 00 00 00 00 00 00 00 00 00   ................
1f30   00 00 00 00 00 00 00 00 00 00 00 00 00 00 00 00   ................
1f40   00 00 00 00 00 00 00 00 00 00 00 00 00 00 00 00   ................
1f50   00 00 00 00 00 00 00 00 00 00 00 00 00 00 00 00   ................
1f60   00 00 00 00 00 00 00 00 00 00 00 00 00 00 00 00   ................
1f70   00 00 00 00 00 00 00 00 00 00 00 00 00 00 00 00   ................
1f80   00 00 00 00 00 00 00 00 00 00 00 00 00 00 00 00   ................
1f90   00 00 00 00 00 00 00 00 00 00 00 00 00 00 00 00   ................
1fa0   00 00 00 00 00 00 00 00 00 00 00 00 00 00 00 00   ................
1fb0   00 00 00 00 00 00 00 00 00 00 00 00 00 00 00 00   ................
1fc0   00 00 00 00 00 00 00 00 00 00 00 00 00 00 00 00   ................
1fd0   00 00 00 00 00 00 00 00 00 00 00 00 00 00 00 00   ................
1fe0   00 00 00 00 00 00 00 00 00 00 00 00 00 00 00 00   ................
1ff0   00 00 00 00 00 00 00 00 00 00 00 00 00 00 00 00   ................
2000   00 00 00 00 00 00 00 00 00 00 00 00 00 00 00 00   ................
2010   00 00 00 00 00 00 00 00 00 00 00 00 00 00 00 00   ................
2020   00 00 00 00 00 00 00 00 00 00 00 00 00 00 00 00   ................
2030   00 00 00 00 00 00 00 00 00 00 00 00 00 00 00 00   ................
2040   00 00 00 00 00 00 00 00 00 00 00 00 00 00 00 00   ................
2050   00 00 00 00 00 00 00 00 00 00 00 00 00 00 00 00   ................
2060   00 00 00 00 00 00 00 00 00 00 00 00 00 00 00 00   ................
2070   00 00 00 00 00 00 00 00 00 00 00 00 00 00 00 00   ................
2080   00 00 00 00 00 00 00 00 00 00 00 00 00 00 00 00   ................
2090   00 00 00 00 00 00 00 00 00 00 00 00 00 00 00 00   ................
20a0   00 00 00 00 00 00 00 00 00 00 00 00 00 00 00 00   ................
20b0   00 00 00 00 00 00 00 00 00 00 00 00 00 00 00 00   ................
20c0   00 00 00 00 00 00 00 00 00 00 00 00 00 00 00 00   ................
20d0   00 00 00 00 00 00 00 00 00 00 00 00 00 00 00 00   ................
20e0   00 00 00 00 00 00 00 00 00 00 00 00 00 00 00 00   ................
20f0   00 00 00 00 00 00 00 00 00 00 00 00 00 00 00 00   ................
2100   00 00 00 00 00 00 00 00 00 00 00 00 00 00 00 00   ................
2110   00 00 00 00 00 00 00 00 00 00 00 00 00 00 00 00   ................
2120   00 00 00 00 00 00 00 00 00 00 00 00 00 00 00 00   ................
2130   00 00 00 00 00 00 00 00 00 00 00 00 00 00 00 00   ................
2140   00 00 00 00 00 00 00 00 00 00 00 00 00 00 00 00   ................
2150   00 00 00 00 00 00 00 00 00 00 00 00 00 00 00 00   ................
2160   00 00 00 00 00 00 00 00 00 00 00 00 00 00 00 00   ................
2170   00 00 00 00 00 00 00 00 00 00 00 00 00 00 00 00   ................
2180   00 00 00 00 00 00 00 00 00 00 00 00 00 00 00 00   ................
2190   00 00 00 00 00 00 00 00 00 00 00 00 00 00 00 00   ................
21a0   00 00 00 00 00 00 00 00 00 00 00 00 00 00 00 00   ................
21b0   00 00 00 00 00 00 00 00 00 00 00 00 00 00 00 00   ................
21c0   00 00 00 00 00 00 00 00 00 00 00 00 00 00 00 00   ................
21d0   00 00 00 00 00 00 00 00 00 00 00 00 00 00 00 00   ................
21e0   00 00 00 00 00 00 00 00 00 00 00 00 00 00 00 00   ................
21f0   00 00 00 00 00 00 00 00 00 00 00 00 00 00 00 00   ................
2200   00 00 00 00 00 00 00 00 00 00 00 00 00 00 00 00   ................
2210   00 00 00 00 00 00 00 00 00 00 00 00 00 00 00 00   ................
2220   00 00 00 00 00 00 00 00 00 00 00 00 00 00 00 00   ................
2230   00 00 00 00 00 00 00 00 00 00 00 00 00 00 00 00   ................
2240   00 00 00 00 00 00 00 00 00 00 00 00 00 00 00 00   ................
2250   00 00 00 00 00 00 00 00 00 00 00 00 00 00 00 00   ................
2260   00 00 00 00 00 00 00 00 00 00 00 00 00 00 00 00   ................
2270   00 00 00 00 00 00 00 00 00 00 00 00 00 00 00 00   ................
2280   00 00 00 00 00 00 00 00 00 00 00 00 00 00 00 00   ................
2290   00 00 00 00 00 00 00 00 00 00 00 00 00 00 00 00   ................
22a0   00 00 00 00 00 00 00 00 00 00 00 00 00 00 00 00   ................
22b0   00 00 00 00 00 00 00 00 00 00 00 00 00 00 00 00   ................
22c0   00 00 00 00 00 00 00 00 00 00 00 00 00 00 00 00   ................
22d0   00 00 00 00 00 00 00 00 00 00 00 00 00 00 00 00   ................
22e0   00 00 00 00 00 00 00 00 00 00 00 00 00 00 00 00   ................
22f0   00 00 00 00 00 00 00 00 00 00 00 00 00 00 00 00   ................
2300   00 00 00 00 00 00 00 00 00 00 00 00 00 00 00 00   ................
2310   00 00 00 00 00 00 00 00 00 00 00 00 00 00 00 00   ................
2320   00 00 00 00 00 00 00 00 00 00 00 00 00 00 00 00   ................
2330   00 00 00 00 00 00 00 00 00 00 00 00 00 00 00 00   ................
2340   00 00 00 00 00 00 00 00 00 00 00 00 00 00 00 00   ................
2350   00 00 00 00 00 00 00 00 00 00 00 00 00 00 00 00   ................
2360   00 00 00 00 00 00 00 00 00 00 00 00 00 00 00 00   ................
2370   00 00 00 00 00 00 00 00 00 00 00 00 00 00 00 00   ................
2380   00 00 00 00 00 00 00 00 00 00 00 00 00 00 00 00   ................
2390   00 00 00 00 00 00 00 00 00 00 00 00 00 00 00 00   ................
23a0   00 00 00 00 00 00 00 00 00 00 00 00 00 00 00 00   ................
23b0   00 00 00 00 00 00 00 00 00 00 00 00 00 00 00 00   ................
23c0   00 00 00 00 00 00 00 00 00 00 00 00 00 00 00 00   ................
23d0   00 00 00 00 00 00 00 00 00 00 00 00 00 00 00 00   ................
23e0   00 00 00 00 00 00 00 00 00 00 00 00 00 00 00 00   ................
23f0   00 00 00 00 00 00 00 00 00 00 00 00 00 00 00 00   ................
2400   00 00 00 00 00 00 00 00 00 00 00 00 00 00 00 00   ................
2410   00 00 00 00 00 00 00 00 00 00 00 00 00 00 00 00   ................
2420   00 00 00 00 00 00 00 00 00 00 00 00 00 00 00 00   ................
2430   00 00 00 00 00 00 00 00 00 00 00 00 00 00 00 00   ................
2440   00 00 00 00 00 00 00 00 00 00 00 00 00 00 00 00   ................
2450   00 00 00 00 00 00 00 00 00 00 00 00 00 00 00 00   ................
2460   00 00 00 00 00 00 00 00 00 00 00 00 00 00 00 00   ................
2470   00 00 00 00 00 00 00 00 00 00 00 00 00 00 00 00   ................
2480   00 00 00 00 00 00 00 00 00 00 00 00 00 00 00 00   ................
2490   00 00 00 00 00 00 00 00 00 00 00 00 00 00 00 00   ................
24a0   00 00 00 00 00 00 00 00 00 00 00 00 00 00 00 00   ................
24b0   00 00 00 00 00 00 00 00 00 00 00 00 00 00 00 00   ................
24c0   00 00 00 00 00 00 00 00 00 00 00 00 00 00 00 00   ................
24d0   00 00 00 00 00 00 00 00 00 00 00 00 00 00 00 00   ................
24e0   00 00 00 00 00 00 00 00 00 00 00 00 00 00 00 00   ................
24f0   00 00 00 00 00 00 00 00 00 00 00 00 00 00 00 00   ................
2500   00 00 00 00 00 00 00 00 00 00 00 00 00 00 00 00   ................
2510   00 00 00 00 00 00 00 00 00 00 00 00 00 00 00 00   ................
2520   00 00 00 00 00 00 00 00 00 00 00 00 00 00 00 00   ................
2530   00 00 00 00 00 00 00 00 00 00 00 00 00 00 00 00   ................
2540   00 00 00 00 00 00 00 00 00 00 00 00 00 00 00 00   ................
2550   00 00 00 00 00 00 00 00 00 00 00 00 00 00 00 00   ................
2560   00 00 00 00 00 00 00 00 00 00 00 00 00 00 00 00   ................
2570   00 00 00 00 00 00 00 00 00 00 00 00 00 00 00 00   ................
2580   00 00 00 00 00 00 00 00 00 00 00 00 00 00 00 00   ................
2590   00 00 00 00 00 00 00 00 00 00 00 00 00 00 00 00   ................
25a0   00 00 00 00 00 00 00 00 00 00 00 00 00 00 00 00   ................
25b0   00 00 00 00 00 00 00 00 00 00 00 00 00 00 00 00   ................
25c0   00 00 00 00 00 00 00 00 00 00 00 00 00 00 00 00   ................
25d0   00 00 00 00 00 00 00 00 00 00 00 00 00 00 00 00   ................
25e0   00 00 00 00 00 00 00 00 00 00 00 00 00 00 00 00   ................
25f0   00 00 00 00 00 00 00 00 00 00 00 00 00 00 00 00   ................
2600   00 00 00 00 00 00 00 00 00 00 00 00 00 00 00 00   ................
2610   00 00 00 00 00 00 00 00 00 00 00 00 00 00 00 00   ................
2620   00 00 00 00 00 00 00 00 00 00 00 00 00 00 00 00   ................
2630   00 00 00 00 00 00 00 00 00 00 00 00 00 00 00 00   ................
2640   00 00 00 00 00 00 00 00 00 00 00 00 00 00 00 00   ................
2650   00 00 00 00 00 00 00 00 00 00 00 00 00 00 00 00   ................
2660   00 00 00 00 00 00 00 00 00 00 00 00 00 00 00 00   ................
2670   00 00 00 00 00 00 00 00 00 00 00 00 00 00 00 00   ................
2680   00 00 00 00 00 00 00 00 00 00 00 00 00 00 00 00   ................
2690   00 00 00 00 00 00 00 00 00 00 00 00 00 00 00 00   ................
26a0   00 00 00 00 00 00 00 00 00 00 00 00 00 00 00 00   ................
26b0   00 00 00 00 00 00 00 00 00 00 00 00 00 00 00 00   ................
26c0   00 00 00 00 00 00 00 00 00 00 00 00 00 00 00 00   ................
26d0   00 00 00 00 00 00 00 00 00 00 00 00 00 00 00 00   ................
26e0   00 00 00 00 00 00 00 00 00 00 00 00 00 00 00 00   ................
26f0   00 00 00 00 00 00 00 00 00 00 00 00 00 00 00 00   ................
2700   00 00 00 00 00 00 00 00 00 00 00 00 00 00 00 00   ................
2710   00 00 00 00 00 00 00 00 00 00 00 00 00 00 00 00   ................
2720   00 00 00 00 00 00 00 00 00 00 00 00 00 00 00 00   ................
2730   00 00 00 00 00 00 00 00 00 00 00 00 00 00 00 00   ................
2740   00 00 00 00 00 00 00 00 00 00 00 00 00 00 00 00   ................
2750   00 00 00 00 00 00 00 00 00 00 00 00 00 00 00 00   ................
2760   00 00 00 00 00 00 00 00 00 00 00 00 00 00 00 00   ................
2770   00 00 00 00 00 00 00 00 00 00 00 00 00 00 00 00   ................
2780   00 00 00 00 00 00 00 00 00 00 00 00 00 00 00 00   ................
2790   00 00 00 00 00 00 00 00 00 00 00 00 00 00 00 00   ................
27a0   00 00 00 00 00 00 00 00 00 00 00 00 00 00 00 00   ................
27b0   00 00 00 00 00 00 00 00 00 00 00 00 00 00 00 00   ................
27c0   00 00 00 00 00 00 00 00 00 00 00 00 00 00 00 00   ................
27d0   00 00 00 00 00 00 00 00 00 00 00 00 00 00 00 00   ................
27e0   00 00 00 00 00 00 00 00 00 00 00 00 00 00 00 00   ................
27f0   00 00 00 00 00 00 00 00 00 00 00 00 00 00 00 00   ................
2800   00 00 00 00 00 00 00 00 00 00 00 00 00 00 00 00   ................
2810   00 00 00 00 00 00 00 00 00 00 00 00 00 00 00 00   ................
2820   00 00 00 00 00 00 00 00 00 00 00 00 00 00 00 00   ................
2830   00 00 00 00 00 00 00 00 00 00 00 00 00 00 00 00   ................
2840   00 00 00 00 00 00 00 00 00 00 00 00 00 00 00 00   ................
2850   00 00 00 00 00 00 00 00 00 00 00 00 00 00 00 00   ................
2860   00 00 00 00 00 00 00 00 00 00 00 00 00 00 00 00   ................
2870   00 00 00 00 00 00 00 00 00 00 00 00 00 00 00 00   ................
2880   00 00 00 00 00 00 00 00 00 00 00 00 00 00 00 00   ................
2890   00 00 00 00 00 00 00 00 00 00 00 00 00 00 00 00   ................
28a0   00 00 00 00 00 00 00 00 00 00 00 00 00 00 00 00   ................
28b0   00 00 00 00 00 00 00 00 00 00 00 00 00 00 00 00   ................
28c0   00 00 00 00 00 00 00 00 00 00 00 00 00 00 00 00   ................
28d0   00 00 00 00 00 00 00 00 00 00 00 00 00 00 00 00   ................
28e0   00 00 00 00 00 00 00 00 00 00 00 00 00 00 00 00   ................
28f0   00 00 00 00 00 00 00 00 00 00 00 00 00 00 00 00   ................
2900   00 00 00 00 00 00 00 00 00 00 00 00 00 00 00 00   ................
2910   00 00 00 00 00 00 00 00 00 00 00 00 00 00 00 00   ................
2920   00 00 00 00 00 00 00 00 00 00 00 00 00 00 00 00   ................
2930   00 00 00 00 00 00 00 00 00 00 00 00 00 00 00 00   ................
2940   00 00 00 00 00 00 00 00 00 00 00 00 00 00 00 00   ................
2950   00 00 00 00 00 00 00 00 00 00 00 00 00 00 00 00   ................
2960   00 00 00 00 00 00 00 00 00 00 00 00 00 00 00 00   ................
2970   00 00 00 00 00 00 00 00 00 00 00 00 00 00 00 00   ................
2980   00 00 00 00 00 00 00 00 00 00 00 00 00 00 00 00   ................
2990   00 00 00 00 00 00 00 00 00 00 00 00 00 00 00 00   ................
29a0   00 00 00 00 00 00 00 00 00 00 00 00 00 00 00 00   ................
29b0   00 00 00 00 00 00 00 00 00 00 00 00 00 00 00 00   ................
29c0   00 00 00 00 00 00 00 00 00 00 00 00 00 00 00 00   ................
29d0   00 00 00 00 00 00 00 00 00 00 00 00 00 00 00 00   ................
29e0   00 00 00 00 00 00 00 00 00 00 00 00 00 00 00 00   ................
29f0   00 00 00 00 00 00 00 00 00 00 00 00 00 00 00 00   ................
2a00   00 00 00 00 00 00 00 00 00 00 00 00 00 00 00 00   ................
2a10   00 00 00 00 00 00 00 00 00 00 00 00 00 00 00 00   ................
2a20   00 00 00 00 00 00 00 00 00 00 00 00 00 00 00 00   ................
2a30   00 00 00 00 00 00 00 00 00 00 00 00 00 00 00 00   ................
2a40   00 00 00 00 00 00 00 00 00 00 00 00 00 00 00 00   ................
2a50   00 00 00 00 00 00 00 00 00 00 00 00 00 00 00 00   ................
2a60   00 00 00 00 00 00 00 00 00 00 00 00 00 00 00 00   ................
2a70   00 00 00 00 00 00 00 00 00 00 00 00 00 00 00 00   ................
2a80   00 00 00 00 00 00 00 00 00 00 00 00 00 00 00 00   ................
2a90   00 00 00 00 00 00 00 00 00 00 00 00 00 00 00 00   ................
2aa0   00 00 00 00 00 00 00 00 00 00 00 00 00 00 00 00   ................
2ab0   00 00 00 00 00 00 00 00 00 00 00 00 00 00 00 00   ................
2ac0   00 00 00 00 00 00 00 00 00 00 00 00 00 00 00 00   ................
2ad0   00 00 00 00 00 00 00 00 00 00 00 00 00 00 00 00   ................
2ae0   00 00 00 00 00 00 00 00 00 00 00 00 00 00 00 00   ................
2af0   00 00 00 00 00 00 00 00 00 00 00 00 00 00 00 00   ................
2b00   00 00 00 00 00 00 00 00 00 00 00 00 00 00 00 00   ................
2b10   00 00 00 00 00 00 00 00 00 00 00 00 00 00 00 00   ................
2b20   00 00 00 00 00 00 00 00 00 00 00 00 00 00 00 00   ................
2b30   00 00 00 00 00 00 00 00 00 00 00 00 00 00 00 00   ................
2b40   00 00 00 00 00 00 00 00 00 00 00 00 00 00 00 00   ................
2b50   00 00 00 00 00 00 00 00 00 00 00 00 00 00 00 00   ................
2b60   00 00 00 00 00 00 00 00 00 00 00 00 00 00 00 00   ................
2b70   00 00 00 00 00 00 00 00 00 00 00 00 00 00 00 00   ................
2b80   00 00 00 00 00 00 00 00 00 00 00 00 00 00 00 00   ................
2b90   00 00 00 00 00 00 00 00 00 00 00 00 00 00 00 00   ................
2ba0   00 00 00 00 00 00 00 00 00 00 00 00 00 00 00 00   ................
2bb0   00 00 00 00 00 00 00 00 00 00 00 00 00 00 00 00   ................
2bc0   00 00 00 00 00 00 00 00 00 00 00 00 00 00 00 00   ................
2bd0   00 00 00 00 00 00 00 00 00 00 00 00 00 00 00 00   ................
2be0   00 00 00 00 00 00 00 00 00 00 00 00 00 00 00 00   ................
2bf0   00 00 00 00 00 00 00 00 00 00 00 00 00 00 00 00   ................
2c00   00 00 00 00 00 00 00 00 00 00 00 00 00 00 00 00   ................
2c10   00 00 00 00 00 00 00 00 00 00 00 00 00 00 00 00   ................
2c20   00 00 00 00 00 00 00 00 00 00 00 00 00 00 00 00   ................
2c30   00 00 00 00 00 00 00 00 00 00 00 00 00 00 00 00   ................
2c40   00 00 00 00 00 00 00 00 00 00 00 00 00 00 00 00   ................
2c50   00 00 00 00 00 00 00 00 00 00 00 00 00 00 00 00   ................
2c60   00 00 00 00 00 00 00 00 00 00 00 00 00 00 00 00   ................
2c70   00 00 00 00 00 00 00 00 00 00 00 00 00 00 00 00   ................
2c80   00 00 00 00 00 00 00 00 00 00 00 00 00 00 00 00   ................
2c90   00 00 00 00 00 00 00 00 00 00 00 00 00 00 00 00   ................
2ca0   00 00 00 00 00 00 00 00 00 00 00 00 00 00 00 00   ................
2cb0   00 00 00 00 00 00 00 00 00 00 00 00 00 00 00 00   ................
2cc0   00 00 00 00 00 00 00 00 00 00 00 00 00 00 00 00   ................
2cd0   00 00 00 00 00 00 00 00 00 00 00 00 00 00 00 00   ................
2ce0   00 00 00 00 00 00 00 00 00 00 00 00 00 00 00 00   ................
2cf0   00 00 00 00 00 00 00 00 00 00 00 00 00 00 00 00   ................
2d00   00 00 00 00 00 00 00 00 00 00 00 00 00 00 00 00   ................
2d10   00 00 00 00 00 00 00 00 00 00 00 00 00 00 00 00   ................
2d20   00 00 00 00 00 00 00 00 00 00 00 00 00 00 00 00   ................
2d30   00 00 00 00 00 00 00 00 00 00 00 00 00 00 00 00   ................
2d40   00 00 00 00 00 00 00 00 00 00 00 00 00 00 00 00   ................
2d50   00 00 00 00 00 00 00 00 00 00 00 00 00 00 00 00   ................
2d60   00 00 00 00 00 00 00 00 00 00 00 00 00 00 00 00   ................
2d70   00 00 00 00 00 00 00 00 00 00 00 00 00 00 00 00   ................
2d80   00 00 00 00 00 00 00 00 00 00 00 00 00 00 00 00   ................
2d90   00 00 00 00 00 00 00 00 00 00 00 00 00 00 00 00   ................
2da0   00 00 00 00 00 00 00 00 00 00 00 00 00 00 00 00   ................
2db0   00 00 00 00 00 00 00 00 00 00 00 00 00 00 00 00   ................
2dc0   00 00 00 00 00 00 00 00 00 00 00 00 00 00 00 00   ................
2dd0   00 00 00 00 00 00 00 00 00 00 00 00 00 00 00 00   ................
2de0   00 00 00 00 00 00 00 00 00 00 00 00 00 00 00 00   ................
2df0   00 00 00 00 00 00 00 00 00 00 00 00 00 00 00 00   ................
2e00   00 00 00 00 00 00 00 00 00 00 00 00 00 00 00 00   ................
2e10   00 00 00 00 00 00 00 00 00 00 00 00 00 00 00 00   ................
2e20   00 00 00 00 00 00 00 00 00 00 00 00 00 00 00 00   ................
2e30   00 00 00 00 00 00 00 00 00 00 00 00 00 00 00 00   ................
2e40   00 00 00 00 00 00 00 00 00 00 00 00 00 00 00 00   ................
2e50   00 00 00 00 00 00 00 00 00 00 00 00 00 00 00 00   ................
2e60   00 00 00 00 00 00 00 00 00 00 00 00 00 00 00 00   ................
2e70   00 00 00 00 00 00 00 00 00 00 00 00 00 00 00 00   ................
2e80   00 00 00 00 00 00 00 00 00 00 00 00 00 00 00 00   ................
2e90   00 00 00 00 00 00 00 00 00 00 00 00 00 00 00 00   ................
2ea0   00 00 00 00 00 00 00 00 00 00 00 00 00 00 00 00   ................
2eb0   00 00 00 00 00 00 00 00 00 00 00 00 00 00 00 00   ................
2ec0   00 00 00 00 00 00 00 00 00 00 00 00 00 00 00 00   ................
2ed0   00 00 00 00 00 00 00 00 00 00 00 00 00 00 00 00   ................
2ee0   00 00 00 00 00 00 00 00 00 00 00 00 00 00 00 00   ................
2ef0   00 00 00 00 00 00 00 00 00 00 00 00 00 00 00 00   ................
2f00   00 00 00 00 00 00 00 00 00 00 00 00 00 00 00 00   ................
2f10   00 00 00 00 00 00 00 00 00 00 00 00 00 00 00 00   ................
2f20   00 00 00 00 00 00 00 00 00 00 00 00 00 00 00 00   ................
2f30   00 00 00 00 00 00 00 00 00 00 00 00 00 00 00 00   ................
2f40   00 00 00 00 00 00 00 00 00 00 00 00 00 00 00 00   ................
2f50   00 00 00 00 00 00 00 00 00 00 00 00 00 00 00 00   ................
2f60   00 00 00 00 00 00 00 00 00 00 00 00 00 00 00 00   ................
2f70   00 00 00 00 00 00 00 00 00 00 00 00 00 00 00 00   ................
2f80   00 00 00 00 00 00 00 00 00 00 00 00 00 00 00 00   ................
2f90   00 00 00 00 00 00 00 00 00 00 00 00 00 00 00 00   ................
2fa0   00 00 00 00 00 00 00 00 00 00 00 00 00 00 00 00   ................
2fb0   00 00 00 00 00 00 00 00 00 00 00 00 00 00 00 00   ................
2fc0   00 00 00 00 00 00 00 00 00 00 00 00 00 00 00 00   ................
2fd0   00 00 00 00 00 00 00 00 00 00 00 00 00 00 00 00   ................
2fe0   00 00 00 00 00 00 00 00 00 00 00 00 00 00 00 00   ................
2ff0   00 00 00 00 00 00 00 00 00 00 00 00 00 00 00 00   ................
3000   00 00 00 00 00 00 00 00 00 00 00 00 00 00 00 00   ................
3010   00 00 00 00 00 00 00 00 00 00 00 00 00 00 00 00   ................
3020   00 00 00 00 00 00 00 00 00 00 00 00 00 00 00 00   ................
3030   00 00 00 00 00 00 00 00 00 00 00 00 00 00 00 00   ................
3040   00 00 00 00 00 00 00 00 00 00 00 00 00 00 00 00   ................
3050   00 00 00 00 00 00 00 00 00 00 00 00 00 00 00 00   ................
3060   00 00 00 00 00 00 00 00 00 00 00 00 00 00 00 00   ................
3070   00 00 00 00 00 00 00 00 00 00 00 00 00 00 00 00   ................
3080   00 00 00 00 00 00 00 00 00 00 00 00 00 00 00 00   ................
3090   00 00 00 00 00 00 00 00 00 00 00 00 00 00 00 00   ................
30a0   00 00 00 00 00 00 00 00 00 00 00 00 00 00 00 00   ................
30b0   00 00 00 00 00 00 00 00 00 00 00 00 00 00 00 00   ................
30c0   00 00 00 00 00 00 00 00 00 00 00 00 00 00 00 00   ................
30d0   00 00 00 00 00 00 00 00 00 00 00 00 00 00 00 00   ................
30e0   00 00 00 00 00 00 00 00 00 00 00 00 00 00 00 00   ................
30f0   00 00 00 00 00 00 00 00 00 00 00 00 00 00 00 00   ................
3100   00 00 00 00 00 00 00 00 00 00 00 00 00 00 00 00   ................
3110   00 00 00 00 00 00 00 00 00 00 00 00 00 00 00 00   ................
3120   00 00 00 00 00 00 00 00 00 00 00 00 00 00 00 00   ................
3130   00 00 00 00 00 00 00 00 00 00 00 00 00 00 00 00   ................
3140   00 00 00 00 00 00 00 00 00 00 00 00 00 00 00 00   ................
3150   00 00 00 00 00 00 00 00 00 00 00 00 00 00 00 00   ................
3160   00 00 00 00 00 00 00 00 00 00 00 00 00 00 00 00   ................
3170   00 00 00 00 00 00 00 00 00 00 00 00 00 00 00 00   ................
3180   00 00 00 00 00 00 00 00 00 00 00 00 00 00 00 00   ................
3190   00 00 00 00 00 00 00 00 00 00 00 00 00 00 00 00   ................
31a0   00 00 00 00 00 00 00 00 00 00 00 00 00 00 00 00   ................
31b0   00 00 00 00 00 00 00 00 00 00 00 00 00 00 00 00   ................
31c0   00 00 00 00 00 00 00 00 00 00 00 00 00 00 00 00   ................
31d0   00 00 00 00 00 00 00 00 00 00 00 00 00 00 00 00   ................
31e0   00 00 00 00 00 00 00 00 00 00 00 00 00 00 00 00   ................
31f0   00 00 00 00 00 00 00 00 00 00 00 00 00 00 00 00   ................
3200   00 00 00 00 00 00 00 00 00 00 00 00 00 00 00 00   ................
3210   00 00 00 00 00 00 00 00 00 00 00 00 00 00 00 00   ................
3220   00 00 00 00 00 00 00 00 00 00 00 00 00 00 00 00   ................
3230   00 00 00 00 00 00 00 00 00 00 00 00 00 00 00 00   ................
3240   00 00 00 00 00 00 00 00 00 00 00 00 00 00 00 00   ................
3250   00 00 00 00 00 00 00 00 00 00 00 00 00 00 00 00   ................
3260   00 00 00 00 00 00 00 00 00 00 00 00 00 00 00 00   ................
3270   00 00 00 00 00 00 00 00 00 00 00 00 00 00 00 00   ................
3280   00 00 00 00 00 00 00 00 00 00 00 00 00 00 00 00   ................
3290   00 00 00 00 00 00 00 00 00 00 00 00 00 00 00 00   ................
32a0   00 00 00 00 00 00 00 00 00 00 00 00 00 00 00 00   ................
32b0   00 00 00 00 00 00 00 00 00 00 00 00 00 00 00 00   ................
32c0   00 00 00 00 00 00 00 00 00 00 00 00 00 00 00 00   ................
32d0   00 00 00 00 00 00 00 00 00 00 00 00 00 00 00 00   ................
32e0   00 00 00 00 00 00 00 00 00 00 00 00 00 00 00 00   ................
32f0   00 00 00 00 00 00 00 00 00 00 00 00 00 00 00 00   ................
3300   00 00 00 00 00 00 00 00 00 00 00 00 00 00 00 00   ................
3310   00 00 00 00 00 00 00 00 00 00 00 00 00 00 00 00   ................
3320   00 00 00 00 00 00 00 00 00 00 00 00 00 00 00 00   ................
3330   00 00 00 00 00 00 00 00 00 00 00 00 00 00 00 00   ................
3340   00 00 00 00 00 00 00 00 00 00 00 00 00 00 00 00   ................
3350   00 00 00 00 00 00 00 00 00 00 00 00 00 00 00 00   ................
3360   00 00 00 00 00 00 00 00 00 00 00 00 00 00 00 00   ................
3370   00 00 00 00 00 00 00 00 00 00 00 00 00 00 00 00   ................
3380   00 00 00 00 00 00 00 00 00 00 00 00 00 00 00 00   ................
3390   00 00 00 00 00 00 00 00 00 00 00 00 00 00 00 00   ................
33a0   00 00 00 00 00 00 00 00 00 00 00 00 00 00 00 00   ................
33b0   00 00 00 00 00 00 00 00 00 00 00 00 00 00 00 00   ................
33c0   00 00 00 00 00 00 00 00 00 00 00 00 00 00 00 00   ................
33d0   00 00 00 00 00 00 00 00 00 00 00 00 00 00 00 00   ................
33e0   00 00 00 00 00 00 00 00 00 00 00 00 00 00 00 00   ................
33f0   00 00 00 00 00 00 00 00 00 00 00 00 00 00 00 00   ................
3400   00 00 00 00 00 00 00 00 00 00 00 00 00 00 00 00   ................
3410   00 00 00 00 00 00 00 00 00 00 00 00 00 00 00 00   ................
3420   00 00 00 00 00 00 00 00 00 00 00 00 00 00 00 00   ................
3430   00 00 00 00 00 00 00 00 00 00 00 00 00 00 00 00   ................
3440   00 00 00 00 00 00 00 00 00 00 00 00 00 00 00 00   ................
3450   00 00 00 00 00 00 00 00 00 00 00 00 00 00 00 00   ................
3460   00 00 00 00 00 00 00 00 00 00 00 00 00 00 00 00   ................
3470   00 00 00 00 00 00 00 00 00 00 00 00 00 00 00 00   ................
3480   00 00 00 00 00 00 00 00 00 00 00 00 00 00 00 00   ................
3490   00 00 00 00 00 00 00 00 00 00 00 00 00 00 00 00   ................
34a0   00 00 00 00 00 00 00 00 00 00 00 00 00 00 00 00   ................
34b0   00 00 00 00 00 00 00 00 00 00 00 00 00 00 00 00   ................
34c0   00 00 00 00 00 00 00 00 00 00 00 00 00 00 00 00   ................
34d0   00 00 00 00 00 00 00 00 00 00 00 00 00 00 00 00   ................
34e0   00 00 00 00 00 00 00 00 00 00 00 00 00 00 00 00   ................
34f0   00 00 00 00 00 00 00 00 00 00 00 00 00 00 00 00   ................
3500   00 00 00 00 00 00 00 00 00 00 00 00 00 00 00 00   ................
3510   00 00 00 00 00 00 00 00 00 00 00 00 00 00 00 00   ................
3520   00 00 00 00 00 00 00 00 00 00 00 00 00 00 00 00   ................
3530   00 00 00 00 00 00 00 00 00 00 00 00 00 00 00 00   ................
3540   00 00 00 00 00 00 00 00 00 00 00 00 00 00 00 00   ................
3550   00 00 00 00 00 00 00 00 00 00 00 00 00 00 00 00   ................
3560   00 00 00 00 00 00 00 00 00 00 00 00 00 00 00 00   ................
3570   00 00 00 00 00 00 00 00 00 00 00 00 00 00 00 00   ................
3580   00 00 00 00 00 00 00 00 00 00 00 00 00 00 00 00   ................
3590   00 00 00 00 00 00 00 00 00 00 00 00 00 00 00 00   ................
35a0   00 00 00 00 00 00 00 00 00 00 00 00 00 00 00 00   ................
35b0   00 00 00 00 00 00 00 00 00 00 00 00 00 00 00 00   ................
35c0   00 00 00 00 00 00 00 00 00 00 00 00 00 00 00 00   ................
35d0   00 00 00 00 00 00 00 00 00 00 00 00 00 00 00 00   ................
35e0   00 00 00 00 00 00 00 00 00 00 00 00 00 00 00 00   ................
35f0   00 00 00 00 00 00 00 00 00 00 00 00 00 00 00 00   ................
3600   00 00 00 00 00 00 00 00 00 00 00 00 00 00 00 00   ................
3610   00 00 00 00 00 00 00 00 00 00 00 00 00 00 00 00   ................
3620   00 00 00 00 00 00 00 00 00 00 00 00 00 00 00 00   ................
3630   00 00 00 00 00 00 00 00 00 00 00 00 00 00 00 00   ................
3640   00 00 00 00 00 00 00 00 00 00 00 00 00 00 00 00   ................
3650   00 00 00 00 00 00 00 00 00 00 00 00 00 00 00 00   ................
3660   00 00 00 00 00 00 00 00 00 00 00 00 00 00 00 00   ................
3670   00 00 00 00 00 00 00 00 00 00 00 00 00 00 00 00   ................
3680   00 00 00 00 00 00 00 00 00 00 00 00 00 00 00 00   ................
3690   00 00 00 00 00 00 00 00 00 00 00 00 00 00 00 00   ................
36a0   00 00 00 00 00 00 00 00 00 00 00 00 00 00 00 00   ................
36b0   00 00 00 00 00 00 00 00 00 00 00 00 00 00 00 00   ................
36c0   00 00 00 00 00 00 00 00 00 00 00 00 00 00 00 00   ................
36d0   00 00 00 00 00 00 00 00 00 00 00 00 00 00 00 00   ................
36e0   00 00 00 00 00 00 00 00 00 00 00 00 00 00 00 00   ................
36f0   00 00 00 00 00 00 00 00 00 00 00 00 00 00 00 00   ................
3700   00 00 00 00 00 00 00 00 00 00 00 00 00 00 00 00   ................
3710   00 00 00 00 00 00 00 00 00 00 00 00 00 00 00 00   ................
3720   00 00 00 00 00 00 00 00 00 00 00 00 00 00 00 00   ................
3730   00 00 00 00 00 00 00 00 00 00 00 00 00 00 00 00   ................
3740   00 00 00 00 00 00 00 00 00 00 00 00 00 00 00 00   ................
3750   00 00 00 00 00 00 00 00 00 00 00 00 00 00 00 00   ................
3760   00 00 00 00 00 00 00 00 00 00 00 00 00 00 00 00   ................
3770   00 00 00 00 00 00 00 00 00 00 00 00 00 00 00 00   ................
3780   00 00 00 00 00 00 00 00 00 00 00 00 00 00 00 00   ................
3790   00 00 00 00 00 00 00 00 00 00 00 00 00 00 00 00   ................
37a0   00 00 00 00 00 00 00 00 00 00 00 00 00 00 00 00   ................
37b0   00 00 00 00 00 00 00 00 00 00 00 00 00 00 00 00   ................
37c0   00 00 00 00 00 00 00 00 00 00 00 00 00 00 00 00   ................
37d0   00 00 00 00 00 00 00 00 00 00 00 00 00 00 00 00   ................
37e0   00 00 00 00 00 00 00 00 00 00 00 00 00 00 00 00   ................
37f0   00 00 00 00 00 00 00 00 00 00 00 00 00 00 00 00   ................
3800   00 00 00 00 00 00 00 00 00 00 00 00 00 00 00 00   ................
3810   00 00 00 00 00 00 00 00 00 00 00 00 00 00 00 00   ................
3820   00 00 00 00 00 00 00 00 00 00 00 00 00 00 00 00   ................
3830   00 00 00 00 00 00 00 00 00 00 00 00 00 00 00 00   ................
3840   00 00 00 00 00 00 00 00 00 00 00 00 00 00 00 00   ................
3850   00 00 00 00 00 00 00 00 00 00 00 00 00 00 00 00   ................
3860   00 00 00 00 00 00 00 00 00 00 00 00 00 00 00 00   ................
3870   00 00 00 00 00 00 00 00 00 00 00 00 00 00 00 00   ................
3880   00 00 00 00 00 00 00 00 00 00 00 00 00 00 00 00   ................
3890   00 00 00 00 00 00 00 00 00 00 00 00 00 00 00 00   ................
38a0   00 00 00 00 00 00 00 00 00 00 00 00 00 00 00 00   ................
38b0   00 00 00 00 00 00 00 00 00 00 00 00 00 00 00 00   ................
38c0   00 00 00 00 00 00 00 00 00 00 00 00 00 00 00 00   ................
38d0   00 00 00 00 00 00 00 00 00 00 00 00 00 00 00 00   ................
38e0   00 00 00 00 00 00 00 00 00 00 00 00 00 00 00 00   ................
38f0   00 00 00 00 00 00 00 00 00 00 00 00 00 00 00 00   ................
3900   00 00 00 00 00 00 00 00 00 00 00 00 00 00 00 00   ................
3910   00 00 00 00 00 00 00 00 00 00 00 00 00 00 00 00   ................
3920   00 00 00 00 00 00 00 00 00 00 00 00 00 00 00 00   ................
3930   00 00 00 00 00 00 00 00 00 00 00 00 00 00 00 00   ................
3940   00 00 00 00 00 00 00 00 00 00 00 00 00 00 00 00   ................
3950   00 00 00 00 00 00 00 00 00 00 00 00 00 00 00 00   ................
3960   00 00 00 00 00 00 00 00 00 00 00 00 00 00 00 00   ................
3970   00 00 00 00 00 00 00 00 00 00 00 00 00 00 00 00   ................
3980   00 00 00 00 00 00 00 00 00 00 00 00 00 00 00 00   ................
3990   00 00 00 00 00 00 00 00 00 00 00 00 00 00 00 00   ................
39a0   00 00 00 00 00 00 00 00 00 00 00 00 00 00 00 00   ................
39b0   00 00 00 00 00 00 00 00 00 00 00 00 00 00 00 00   ................
39c0   00 00 00 00 00 00 00 00 00 00 00 00 00 00 00 00   ................
39d0   00 00 00 00 00 00 00 00 00 00 00 00 00 00 00 00   ................
39e0   00 00 00 00 00 00 00 00 00 00 00 00 00 00 00 00   ................
39f0   00 00 00 00 00 00 00 00 00 00 00 00 00 00 00 00   ................
3a00   00 00 00 00 00 00 00 00 00 00 00 00 00 00 00 00   ................
3a10   00 00 00 00 00 00 00 00 00 00 00 00 00 00 00 00   ................
3a20   00 00 00 00 00 00 00 00 00 00 00 00 00 00 00 00   ................
3a30   00 00 00 00 00 00 00 00 00 00 00 00 00 00 00 00   ................
3a40   00 00 00 00 00 00 00 00 00 00 00 00 00 00 00 00   ................
3a50   00 00 00 00 00 00 00 00 00 00 00 00 00 00 00 00   ................
3a60   00 00 00 00 00 00 00 00 00 00 00 00 00 00 00 00   ................
3a70   00 00 00 00 00 00 00 00 00 00 00 00 00 00 00 00   ................
3a80   00 00 00 00 00 00 00 00 00 00 00 00 00 00 00 00   ................
3a90   00 00 00 00 00 00 00 00 00 00 00 00 00 00 00 00   ................
3aa0   00 00 00 00 00 00 00 00 00 00 00 00 00 00 00 00   ................
3ab0   00 00 00 00 00 00 00 00 00 00 00 00 00 00 00 00   ................
3ac0   00 00 00 00 00 00 00 00 00 00 00 00 00 00 00 00   ................
3ad0   00 00 00 00 00 00 00 00 00 00 00 00 00 00 00 00   ................
3ae0   00 00 00 00 00 00 00 00 00 00 00 00 00 00 00 00   ................
3af0   00 00 00 00 00 00 00 00 00 00 00 00 00 00 00 00   ................
3b00   00 00 00 00 00 00 00 00 00 00 00 00 00 00 00 00   ................
3b10   00 00 00 00 00 00 00 00 00 00 00 00 00 00 00 00   ................
3b20   00 00 00 00 00 00 00 00 00 00 00 00 00 00 00 00   ................
3b30   00 00 00 00 00 00 00 00 00 00 00 00 00 00 00 00   ................
3b40   00 00 00 00 00 00 00 00 00 00 00 00 00 00 00 00   ................
3b50   00 00 00 00 00 00 00 00 00 00 00 00 00 00 00 00   ................
3b60   00 00 00 00 00 00 00 00 00 00 00 00 00 00 00 00   ................
3b70   00 00 00 00 00 00 00 00 00 00 00 00 00 00 00 00   ................
3b80   00 00 00 00 00 00 00 00 00 00 00 00 00 00 00 00   ................
3b90   00 00 00 00 00 00 00 00 00 00 00 00 00 00 00 00   ................
3ba0   00 00 00 00 00 00 00 00 00 00 00 00 00 00 00 00   ................
3bb0   00 00 00 00 00 00 00 00 00 00 00 00 00 00 00 00   ................
3bc0   00 00 00 00 00 00 00 00 00 00 00 00 00 00 00 00   ................
3bd0   00 00 00 00 00 00 00 00 00 00 00 00 00 00 00 00   ................
3be0   00 00 00 00 00 00 00 00 00 00 00 00 00 00 00 00   ................
3bf0   00 00 00 00 00 00 00 00 00 00 00 00 00 00 00 00   ................
3c00   00 00 00 00 00 00 00 00 00 00 00 00 00 00 00 00   ................
3c10   00 00 00 00 00 00 00 00 00 00 00 00 00 00 00 00   ................
3c20   00 00 00 00 00 00 00 00 00 00 00 00 00 00 00 00   ................
3c30   00 00 00 00 00 00 00 00 00 00 00 00 00 00 00 00   ................
3c40   00 00 00 00 00 00 00 00 00 00 00 00 00 00 00 00   ................
3c50   00 00 00 00 00 00 00 00 00 00 00 00 00 00 00 00   ................
3c60   00 00 00 00 00 00 00 00 00 00 00 00 00 00 00 00   ................
3c70   00 00 00 00 00 00 00 00 00 00 00 00 00 00 00 00   ................
3c80   00 00 00 00 00 00 00 00 00 00 00 00 00 00 00 00   ................
3c90   00 00 00 00 00 00 00 00 00 00 00 00 00 00 00 00   ................
3ca0   00 00 00 00 00 00 00 00 00 00 00 00 00 00 00 00   ................
3cb0   00 00 00 00 00 00 00 00 00 00 00 00 00 00 00 00   ................
3cc0   00 00 00 00 00 00 00 00 00 00 00 00 00 00 00 00   ................
3cd0   00 00 00 00 00 00 00 00 00 00 00 00 00 00 00 00   ................
3ce0   00 00 00 00 00 00 00 00 00 00 00 00 00 00 00 00   ................
3cf0   00 00 00 00 00 00 00 00 00 00 00 00 00 00 00 00   ................
3d00   00 00 00 00 00 00 00 00 00 00 00 00 00 00 00 00   ................
3d10   00 00 00 00 00 00 00 00 00 00 00 00 00 00 00 00   ................
3d20   00 00 00 00 00 00 00 00 00 00 00 00 00 00 00 00   ................
3d30   00 00 00 00 00 00 00 00 00 00 00 00 00 00 00 00   ................
3d40   00 00 00 00 00 00 00 00 00 00 00 00 00 00 00 00   ................
3d50   00 00 00 00 00 00 00 00 00 00 00 00 00 00 00 00   ................
3d60   00 00 00 00 00 00 00 00 00 00 00 00 00 00 00 00   ................
3d70   00 00 00 00 00 00 00 00 00 00 00 00 00 00 00 00   ................
3d80   00 00 00 00 00 00 00 00 00 00 00 00 00 00 00 00   ................
3d90   00 00 00 00 00 00 00 00 00 00 00 00 00 00 00 00   ................
3da0   00 00 00 00 00 00 00 00 00 00 00 00 00 00 00 00   ................
3db0   00 00 00 00 00 00 00 00 00 00 00 00 00 00 00 00   ................
3dc0   00 00 00 00 00 00 00 00 00 00 00 00 00 00 00 00   ................
3dd0   00 00 00 00 00 00 00 00 00 00 00 00 00 00 00 00   ................
3de0   00 00 00 00 00 00 00 00 00 00 00 00 00 00 00 00   ................
3df0   00 00 00 00 00 00 00 00 00 00 00 00 00 00 00 00   ................
3e00   00 00 00 00 00 00 00 00 00 00 00 00 00 00 00 00   ................
3e10   00 00 00 00 00 00 00 00 00 00 00 00 00 00 00 00   ................
3e20   00 00 00 00 00 00 00 00 00 00 00 00 00 00 00 00   ................
3e30   00 00 00 00 00 00 00 00 00 00 00 00 00 00 00 00   ................
3e40   00 00 00 00 00 00 00 00 00 00 00 00 00 00 00 00   ................
3e50   00 00 00 00 00 00 00 00 00 00 00 00 00 00 00 00   ................
3e60   00 00 00 00 00 00 00 00 00 00 00 00 00 00 00 00   ................
3e70   00 00 00 00 00 00 00 00 00 00 00 00 00 00 00 00   ................
3e80   00 00 00 00 00 00 00 00 00 00 00 00 00 00 00 00   ................
3e90   00 00 00 00 00 00 00 00 00 00 00 00 00 00 00 00   ................
3ea0   00 00 00 00 00 00 00 00 00 00 00 00 00 00 00 00   ................
3eb0   00 00 00 00 00 00 00 00 00 00 00 00 00 00 00 00   ................
3ec0   00 00 00 00 00 00 00 00 00 00 00 00 00 00 00 00   ................
3ed0   00 00 00 00 00 00 00 00 00 00 00 00 00 00 00 00   ................
3ee0   00 00 00 00 00 00 00 00 00 00 00 00 00 00 00 00   ................
3ef0   00 00 00 00 00 00 00 00 00 00 00 00 00 00 00 00   ................
3f00   00 00 00 00 00 00 00 00 00 00 00 00 00 00 00 00   ................
3f10   00 00 00 00 00 00 00 00 00 00 00 00 00 00 00 00   ................
3f20   00 00 00 00 00 00 00 00 00 00 00 00 00 00 00 00   ................
3f30   00 00 00 00 00 00 00 00 00 00 00 00 00 00 00 00   ................
3f40   00 00 00 00 00 00 00 00 00 00 00 00 00 00 00 00   ................
3f50   00 00 00 00 00 00 00 00 00 00 00 00 00 00 00 00   ................
3f60   00 00 00 00 00 00 00 00 00 00 00 00 00 00 00 00   ................
3f70   00 00 00 00 00 00 00 00 00 00 00 00 00 00 00 00   ................
3f80   00 00 00 00 00 00 00 00 00 00 00 00 00 00 00 00   ................
3f90   00 00 00 00 00 00 00 00 00 00 00 00 00 00 00 00   ................
3fa0   00 00 00 00 00 00 00 00 00 00 00 00 00 00 00 00   ................
3fb0   00 00 00 00 00 00 00 00 00 00 00 00 00 00 00 00   ................
3fc0   00 00 00 00 00 00 00 00 00 00 00 00 00 00 00 00   ................
3fd0   00 00 00 00 00 00 00 00 00 00 00 00 00 00 00 00   ................
3fe0   00 00 00 00 00 00 00 00 00 00 00 00 00 00 00 00   ................
3ff0   00 00 00 00 00 00 00 00 00 00 00 00 00 00 00 00   ................
4000   00 00 00 00 00 00 00 00 00 00 00 00 00 00 00 00   ................
4010   00 00 00 00 00 00 00 00 00 00 00 00 56 07 00 00   ............V...
4020   51 07 00 00 05 07 00 00 56 07 00 00 51 07 00 00   Q.......V...Q...
4030   05 07 00 00 04 07 00 00 2e 01 00 00 88 00 00 00   ................
4040   30 00 00 00 2f 00 00 00 2d 00 00 00 2b 00 00 00   0.../...-...+...
4050   1e 00 00 00 1d 00 00 00 1c 00 00 00 09 00 00 00   ................
4060   08 00 00 00 04 00 00 00                           ........
